[Calibration points]
x1 = 176.0281261489123
y1 = 711.9903519025006
mercator_x1 = 253181.63
mercator_y1 = 6237851.69
x2 = 847.9923116971789
y2 = 311.98072362275195
mercator_x2 = 278841.78
mercator_y2 = 6222588.18

[Map settings]
name = 25 bosses
description = Situé près de Noisy-sur-Ecole dans la Seine-et-Marne, le circuit des 25 bosses est une succession de montées et descentes dans la forêt Domaniale des Trois Pignons
tile_size_width = 1024
tile_size_height = 1024
max_zoom = 4

[Map infos]
generated_by = ImageTyler.py | VIPS
ext = png
